2 2 269900
2 7 533600
7 7 1381600
7 12 981700
12 12 1669300
12 17 1461100
17 17 1956800
17 22 1188200
22 22 1896200
22 27 2430300
27 27 1702800
27 32 1439700
32 32 1310600
32 37 1647300
37 37 1630300
37 42 1842700
42 42 1274400
42 47 1237700
47 47 1045600
47 52 859500
52 52 1084900
52 57 1223300
57 57 1035600
57 62 1426500
62 62 1536800
62 67 1613300
67 67 1956700
67 72 1813600
2 2 219800
2 7 754600
7 7 1476300
7 12 1426100
12 12 1097000
12 17 1488200
17 17 2821000
17 22 1827400
22 22 2254900
22 27 2276300
27 27 1969300
27 32 2401900
32 32 2164500
32 37 1660200
37 37 1851600
37 42 2122600
42 42 2648900
42 47 1898500
47 47 34022700
47 52 3281000
52 52 3464400
52 57 3022300
57 57 2080800
57 62 3449300
62 62 2678800
62 67 2176700
67 67 3121900
67 72 2580000
72 72 2542100
72 77 2396400
77 77 2739400
77 82 2685200
82 82 3522400
82 87 3156400
87 87 3504600
87 92 3239700
92 92 3432300
92 97 3435600
97 97 3870000
97 102 2662500
