2 2 13337500
2 7 996400
7 7 2461800
7 12 2150300
12 12 2765800
12 17 3362700
17 17 1506700
17 22 2283600
22 22 1609800
22 27 2208300
27 27 2933900
27 32 2249200
32 32 2020700
32 37 1913100
37 37 1784600
37 42 1917800
42 42 1450300
42 47 1377600
47 47 1776200
47 52 1692700
52 52 1599700
52 57 2135700
57 57 2153900
57 62 1695000
62 62 2194500
62 67 2362100
67 67 3176900
67 72 2256900
72 72 2454700
72 77 2315700
2 2 22338800
2 7 3280900
7 7 1446700
7 12 1766900
12 12 1979400
12 17 1873400
17 17 2003700
17 22 1187400
22 22 2040900
22 27 2039100
27 27 1765200
27 32 1512000
32 32 1410300
32 37 1532600
37 37 1464200
37 42 2180900
42 42 3264900
42 47 1024900
47 47 1145100
47 52 958900
52 52 1076800
52 57 1130200
57 57 1138400
57 62 1262100
62 62 1480600
62 67 1529400
67 67 2039000
67 72 1938800
2 2 10703600
2 7 3159900
7 7 2032400
7 12 1347100
12 12 1214400
12 17 1392400
17 17 2532500
17 22 2300700
22 22 2285800
22 27 2345500
27 27 2831300
27 32 2560200
32 32 2230300
32 37 1971600
37 37 32269500
37 42 2414300
42 42 2625800
42 47 2157100
47 47 3515800
47 52 3353800
52 52 3524300
52 57 2979300
57 57 2954900
57 62 2939200
62 62 2611000
62 67 2151700
67 67 3129500
67 72 2580800
72 72 3204300
72 77 2273700
77 77 2683100
77 82 2564300
82 82 4788100
82 87 3441100
87 87 3744500
87 92 3767000
92 92 3520600
92 97 3959100
97 97 4713200
97 102 3348200
