50 60
53,40,25,11,2,31,48,35,57,27,45,9,17,42,54,12
25,55,57,52,58,38,18,48,36,20,53,35,42,32,44,0,10,6,2,5,17,9,8,45,16,50,1,30,13,12,26,49,46,4,23,59,34,14,24,15,41,22,47,28
57,41,2,21,48,49,12,29,10,27,38,44,1,28,0,3,25,35,11,46,32,55,36,31,8,20,16,39,30,47,14,52,40,37,50,23,15,45
42,20,17,7,30,14,57,56,31,24,52,41,29,48,59,15,34,36,55,39
33,25,12,16,54,50,58,9,28,18,49,45,19,56,35,42,11,40,26,32,0,23,20,44,17,21,57,10,59,30,6,46,2,14,29,43,51,36,37,4,41,38,7,22,5,8,34,39,53,13,24,15,3
55,17,8,56,22,37,54,45,30,47,11,4,38,0,46,5,32,14
23,29,5,3,0,43,9,12,30,53,56
54,5,26,31,56,3,8,24,39,37,10,0,15,45,41,22,9,32,35,36,12,38,16,11,51,49,19,40,34,6
42,12,58,10,44,31,59,15,57,22,1,19,13,56,32,18,20,3,6,23,11,53,7,0,24,49,25,46,29,30,14,39,28,47,52,41,40,2,34,35,51,37,45,43,33,4,55,38,17,36,8,21,50,5,54,26,48
3,45,50,43,11,22,26,2,10,17,52,0,19,42,9,39,27,38,33,41,59,7,48,18,20,31,47,56,51,32,40,6,21,49,36,1,12,35,16,37,23,34,24,30,5,29,25,44,14,13,4,58
35,23,51,42,31,10,32,16,53,56,34,54,22,40,25,4,49,2,11,15,5,43,3,30,45,57,18,52,21,36,41,37,58,7,13,12,39,17,47,0
53,31,40,9,16,25,38,55,12,34,0,27,50,57,18,41,44,42
2,54,35,0,49,52,17,38,46
46,1,36
34,3,38,5,47,2,10,20,56,58,53,31,26,59,30,41,28,33,50,9,42,46,29,45,24,40,39
48,35,47,21,27,1,3,57,56,37,13,36,11,59,15,24,14,53,58,4,10,5,22,20,6,54,32,40,25,55,0,46,50,39,18,51,29,31,41,2,19,28,52,9,34,16,26,33,8,23
16,29,22,44,38,12,52
58,11,39,14,10,23,3,20,0,55,29,46,6,8,48
46,0,36,7,15,29,12,3,2,16,1,26,18,9,25,30,33,24,56,49,34
52,57,29,19,31,17,14,38,4,35,23,15,49,0,51,20,16,39,6,10,3,11,59,55,18,53,54,32,26,2,46,45,43,1,13,56,44,37,27
52,55,46,14,26,56,57,33,1,38,16,39,28,32,42,29,59,47,11,44,34,30,36,17,53,51,43,4,25,10,19,3,35,48,2,58,15,37,8,50,7,5,12,22,31,6,45,24,27,41,9,23,49,40,54,0
39,34,43,47,57,31,19,10,0,35,29,11,5,21,45,22,15,53,14,44,7,42,13,52,16,40,6,9,17,49,1,24,37,56,41,55,27,58,59,4,2,36
47,56
42,38,6,33,47,21,49,36,25,59,19,30,55,10,3,7,48,14,37,23,17,40,43,41,50,1,46,39,52,51,28,16,57,12,32,15,27,8,2,4,34,5,24
16,15,7,48,42,17,46,45,44,12,55,19,3,59,14,30,38,1,51,13,6,5,20,52,36,4,27,29,57,33,9,31,37,40,21,54,24,35,23,22,26,11,28,50,10,43,18
48,29,16,4,42,44,6,40,54,53,5,25
56,13,18,42,33,28,35,5,48,25,44,17,26,59,16,14,8,43,55,24,21,10,31,30,11,57,4,23,34,39,47,7,53,15,12,19,1,37,22,45,51,6,38,40,54
24,45,36,2,23,54,12,19,17,28,16,48,13,9,18,4,44,11,0,31,25,7,3,15,41,10,37,32,35,22,58,49,5,30,59,8,56,43,57,52,20,38,40,26,51,42,14,27,55,21,29,47,34,39,6,1,46,33
17,26,0,43,49,11,30,19,41,55,12,5,9,44,14,27,24,57,46,36,51,10,58,48,2,20,4
10,32,33,54,28,26,0,58,14,48,21,59,29,49,52,17,45,40,46,3,6,8,57,19,35,13,39,12,22,56,44,55,27,51,53,37,41,18
33,1,24,41,18,25,11,8,28,12,16,37,48,34,22,14,0,3,5,55,52,7,36,45,43,47,6
4,8,10,56,16,22,14,58,30,20,28,19,31,1,35,18,26,21,11,42,40,44,43
43,30,15,51,25,24,58,12,39,3,9,33,47,55,2
23,30,3,27,35,48,45
21,46,18,35
59,24,26,18,54,36,27,39,40,5,48,44,1,12
41,42,18,17,46,50,49,3,21,22,29,2,16,52,58,11,1,40,51,45,24,33,0,37,59,35,23,55,31,53,39,28,57,36,6,19,56,9,43,30,13,32
34,27,55,36,54,42,49,2,5,12,24,51,0,37,35,46,4,32,20,58,29,11,56,13,25,15
7,43,57,34,6,49,19,53,30,33,32,35,55,4,0,42
50,3,25,40,53,41,52,5,21,35
23,52,48,13,33,46,50,37,31,8,21,41,39,15,59,11,57,14,53,51,26,56,5,43,19,29,27,55,6,38,12,40,54,47,17,32,7,58,49,36,25,0,45,1,28,20,42,18,22,10,2
18,42,49,25,31,1,8,9,17,4,33,32,23,13,5,59,22,58,36,43,28,15,35,51,7,27,44,30,10,54,41,26,20,6,50,3,47,53,48,19,2,38,14,29,39,34,46,40,11,12,16,37,24
2,25,48,29,57,46,9,28,37,35,31,49,22,5,59,20,12,1
14,52,54,37,22,47,59,15,41,7,55,0,24,6,9,48,3,36,45,11,30,44,27,23,51,56,46,26,17,32,16,40
18,44,10,36,41,4,34,9,25,15
0,47,3,21,51,49,29,11,10,39,6,22,40,1,33,25,30,27,59,14,4,54,23,28,55,58,34,35,45,41,5,13,9,26,19,37,53,42,18,48,8,15,44,17
34,0,54,26,21
17,4,53,50,9,13,58,21,29,1,45,33,19,35,16,15,11,56,42,14,6,38,47,57,34,3,27,23,55,7,46,30,28,2,20,10,49,43,32,39,26,48,25,18,5,54,44,24,0,51,52,59,40,12,37,36,22,8,31,41
39,32,57,46,30,58,28,2,3,55,4,5,42,14,0,11
50,37
