20 30
26,1,17,18,6,21,28,13,16,22,19,9,24,4,20,0,2,3,7,27
8,29,16,6,22,26,7,24,19,5,3,14,23,12,27,17,15,4,13,0,1,9,10,21,2,20,28,25,11
18,6,29,22,21,16,20,11,13,19
18,25,19,20,1,17,13
11,10,25,9,6,1,0,21,7,24,26,12,22,18,15,19,2,5,8,29,27,3,20,13,16,23,14
16,27,7,15,2
18,11,13,28,23,24,2,10,7,8,0,9,22,21,19,6,20,26,1,15,29,16,27,12,14,3,5,4,25,17
29,15,12,16,1,8,17,5,13,24,23,7,19,28
14,26,16,9,7,13,29,11,19,22,28,12,3,4,25,23,6,10,21,17,18,27,2,0,1,24,8
26,3,10,5,17,8,19,16,13,21,14,6,25,0,11,12,24,15,4,9,1,18,20,2
23,4,14,21,20,18,2,10,16,11,29,5,1,0,13,15,25,28,24
5,4,12,19,24,16,20,13,23,17,11,18,8,3,15,28,27,14,25,0,2,1,29
2,29,8,3,23,14,13,18,28,26,17
10,4,19,22,15,24,27,3,7,20,29,6,11,18,14,12,23,16,8,28,17,25,13,21,1
1,20,18,23,25,21,3,11,29,24,22,9,12,15,0,17,14,2,16,5,8,6,13,4,28,26,7
12,4,29,7,10,24,5,8,21,14,3,11
20,18,2,11,0,19,4,15,17
4,18,10,2,20,6,23,24,25,26,17,16,8,19,29,9,3,1,27,0,14,11,15,12,5,28,21,7,13
8,15,16,1,6,29,17
1,8,13,22,21,24,10,16,12,19,29,6