2 2 39044600
2 7 77500
7 7 119500
7 12 110100
12 12 210900
12 17 190300
17 17 172200
17 22 278900
22 22 283800
22 27 361200
27 27 273700
27 32 194100
32 32 306700
32 37 340700
37 37 239100
37 42 259300
42 42 126000
42 47 103100
47 47 236200
47 52 296900
52 52 244000
52 57 226500
57 57 189100
57 62 153200
62 62 204400
62 67 185500
67 67 238400
67 72 192300
72 72 201600
72 77 185700
2 2 36460100
2 7 664900
7 7 108900
7 12 122400
12 12 134000
12 17 220500
17 17 196900
17 22 199000
22 22 286000
22 27 305200
27 27 214700
27 32 156300
32 32 502000
32 37 337200
37 37 442600
37 42 203400
42 42 91900
42 47 107500
47 47 207300
47 52 161500
52 52 75200
52 57 94000
57 57 107100
57 62 98700
62 62 118400
62 67 163200
67 67 283000
67 72 184900
2 2 37903300
2 7 740400
7 7 192800
7 12 134800
12 12 176600
12 17 180100
17 17 378000
17 22 363800
22 22 270100
22 27 345200
27 27 199200
27 32 221500
32 32 126500
32 37 160000
37 37 343200
37 42 120500
42 42 114900
42 47 240800
47 47 145000
47 52 374600
52 52 106500
52 57 186500
57 57 195000
57 62 208100
62 62 159000
62 67 134300
67 67 180100
67 72 177900
72 72 134300
72 77 210400
77 77 179200
77 82 183600
82 82 209600
82 87 205000
87 87 228000
87 92 285300
92 92 259000
92 97 291800
97 97 456900
97 102 345800
