2 2 219800
2 7 754600
7 7 1476300
7 12 1426100
12 12 1097000
12 17 1488200
17 17 2821000
17 22 1827400
22 22 2254900
22 27 2276300
27 27 1969300
27 32 2401900
32 32 2164500
32 37 1660200
37 37 1851600
37 42 2122600
42 42 2648900
42 47 1898500
47 47 34022700
47 52 3281000
52 52 3464400
52 57 3022300
57 57 2080800
57 62 3449300
62 62 2678800
62 67 2176700
67 67 3121900
67 72 2580000
72 72 2542100
72 77 2396400
77 77 2739400
77 82 2685200
82 82 3522400
82 87 3156400
87 87 3504600
87 92 3239700
92 92 3432300
92 97 3435600
97 97 3870000
97 102 2662500
