2 2 10703600
2 7 3159900
7 7 2032400
7 12 1347100
12 12 1214400
12 17 1392400
17 17 2532500
17 22 2300700
22 22 2285800
22 27 2345500
27 27 2831300
27 32 2560200
32 32 2230300
32 37 1971600
37 37 32269500
37 42 2414300
42 42 2625800
42 47 2157100
47 47 3515800
47 52 3353800
52 52 3524300
52 57 2979300
57 57 2954900
57 62 2939200
62 62 2611000
62 67 2151700
67 67 3129500
67 72 2580800
72 72 3204300
72 77 2273700
77 77 2683100
77 82 2564300
82 82 4788100
82 87 3441100
87 87 3744500
87 92 3767000
92 92 3520600
92 97 3959100
97 97 4713200
97 102 3348200
