2 2 37903300
2 7 740400
7 7 192800
7 12 134800
12 12 176600
12 17 180100
17 17 378000
17 22 363800
22 22 270100
22 27 345200
27 27 199200
27 32 221500
32 32 126500
32 37 160000
37 37 343200
37 42 120500
42 42 114900
42 47 240800
47 47 145000
47 52 374600
52 52 106500
52 57 186500
57 57 195000
57 62 208100
62 62 159000
62 67 134300
67 67 180100
67 72 177900
72 72 134300
72 77 210400
77 77 179200
77 82 183600
82 82 209600
82 87 205000
87 87 228000
87 92 285300
92 92 259000
92 97 291800
97 97 456900
97 102 345800
