2 2 405900
2 7 1111800
2 12 1144200
2 17 1039700
7 7 1276400
7 12 1545000
7 17 1156500
7 22 1611800
12 12 1200900
12 17 1511600
12 22 1645800
12 27 1825000
17 17 1957900
17 22 2118800
17 27 2458500
17 32 1818200
22 22 2313100
22 27 1111000
22 32 1791900
22 37 1682500
27 27 1637000
27 32 1703800
27 37 1683400
27 42 2086200
32 32 1984400
32 37 1378100
32 42 1907000
32 47 2250500
37 37 1818700
37 42 2024500
37 47 2350800
37 52 2519400
42 42 3553200
42 47 2976400
42 52 2968100
42 57 3206100
47 47 2562700
47 52 3460100
47 57 2925800
47 62 2715900
52 52 2180400
52 57 2298900
52 62 2380500
52 67 2281100
57 57 2567500
57 62 2489600
57 67 2638100
57 72 2300300
62 62 2546000
62 67 2669800
62 72 3419000
62 77 2547500
67 67 2845600
67 72 2824500
67 77 2720000
67 82 2858500
72 72 2629900
72 77 2657400
72 82 2476600
72 87 2835800
77 77 3373500
77 82 2504800
77 87 3236100
77 92 3065500
82 82 2975500
82 87 3074500
82 92 3564300
82 97 3134200
87 87 3677000
87 92 3672900
87 97 3486800
87 102 3397300
92 92 3346500
92 97 3752100
92 102 3565300
92 107 4085700
97 97 4485400
97 102 4529900
97 107 4579000
97 112 4187700
102 102 3769900
102 107 4429900
102 112 3976000
102 117 5342200
