2 2 12857500
2 7 1820700
2 12 1412100
2 17 1193000
7 7 1111400
7 12 1389800
7 17 1370900
7 22 1523300
12 12 1162200
12 17 1604600
12 22 1784400
12 27 1848300
17 17 2291700
17 22 2200300
17 27 2608500
17 32 2115400
22 22 2459700
22 27 1130700
22 32 1902400
22 37 1430000
27 27 1754500
27 32 1924000
27 37 2013100
27 42 2583700
32 32 2222200
32 37 1476700
32 42 2227300
32 47 2160700
37 37 1948100
37 42 2398100
37 47 2476100
37 52 2696700
42 42 3370000
42 47 3117200
42 52 2913300
42 57 3534700
47 47 2431200
47 52 3109700
47 57 3551600
47 62 2888600
52 52 2245200
52 57 2656100
52 62 2328300
52 67 2468400
57 57 2281400
57 62 2897900
57 67 2444600
57 72 2574000
62 62 2786100
62 67 2933200
62 72 3200900
62 77 2542700
67 67 3296300
67 72 3017500
67 77 3079300
67 82 2700300
72 72 3058900
72 77 2789300
72 82 2887500
72 87 2850300
77 77 4008700
77 82 3765700
77 87 3194700
77 92 3386100
82 82 2896400
82 87 2950800
82 92 3482300
82 97 3124100
87 87 3481000
87 92 3782900
87 97 3835300
87 102 3364000
92 92 4470100
92 97 3707300
92 102 3577100
92 107 7244900
97 97 5341300
97 102 5221700
97 107 4881400
97 112 5337100
102 102 5209000
102 107 4656300
102 112 4122200
102 117 6858100
