2 2 39139800
2 7 87200
2 12 74400
2 17 73700
7 7 110000
7 12 119500
7 17 105700
7 22 130600
12 12 123500
12 17 137800
12 22 194300
12 27 170400
17 17 165900
17 22 195700
17 27 308900
17 32 334200
22 22 389900
22 27 248000
22 32 363300
22 37 241400
27 27 152200
27 32 176600
27 37 188300
27 42 273200
32 32 282500
32 37 199600
32 42 213700
32 47 235400
37 37 478100
37 42 514400
37 47 266500
37 52 662500
42 42 541600
42 47 307200
42 52 185700
42 57 201600
47 47 200000
47 52 187000
47 57 230500
47 62 171000
52 52 219000
52 57 174600
52 62 165800
52 67 238900
57 57 202900
57 62 345500
57 67 218100
57 72 231500
62 62 155900
62 67 161900
62 72 148900
62 77 146700
67 67 217100
67 72 160300
67 77 195400
67 82 198500
72 72 260800
72 77 188400
72 82 185400
72 87 207600
77 77 220400
77 82 221100
77 87 254800
77 92 255000
82 82 234400
82 87 237900
82 92 282800
82 97 247400
87 87 313600
87 92 309500
87 97 316100
87 102 308300
92 92 300500
92 97 323400
92 102 325900
92 107 359900
97 97 340300
97 102 395500
97 107 415200
97 112 365600
102 102 358300
102 107 420900
102 112 419900
102 117 454700
